50;51
81.472369;27.602508;16.218231;41.726707;64.431813;96.308854;5.961887;30.145495;42.288569;91.599124;58.224916;73.634007;85.071267;14.651491;55.903254;45.605767;68.371557;10.975505;98.793473;16.356991;63.118873;98.914491;78.287207;71.357401;50.378079;28.594686;40.672692;11.703682;50.384008;1.962107;14.025536;31.801912;67.227024;64.231523;83.825559;80.899027;19.822179;24.108406;19.343375;52.302980;74.486786;39.907523;98.523664;32.565327;5.595253;14.573210;10.482221;91.729880;81.691118;90.177366;1163.880897
90.579194;67.970268;79.428454;4.965443;37.860938;54.680572;68.197190;70.109876;9.422934;0.115106;54.073934;39.470748;56.055953;18.907217;85.409995;10.166939;13.208296;93.375985;17.043202;66.598722;35.507365;6.694626;69.378761;61.833738;48.959434;54.366323;66.693153;81.468169;61.280959;43.517555;26.013019;60.863543;43.151118;22.126573;58.471862;35.650893;19.507153;84.136910;75.442458;32.529899;89.226719;59.943825;55.947741;63.020512;81.685517;58.504362;85.835276;50.983945;18.947148;41.951770;1319.943891
12.698682;65.509800;31.121504;90.271611;81.158046;52.113583;4.243114;66.633885;59.852367;46.244916;86.994103;68.341587;92.960887;4.265241;34.787919;99.538973;72.272454;18.746081;25.779225;89.438938;99.700327;93.939836;0.980225;34.328789;87.704872;98.477624;93.372566;32.485544;81.942224;83.222148;8.681510;91.019523;69.440391;83.705645;94.810874;7.324343;32.683965;85.721276;34.626072;83.184251;24.260339;80.052277;93.359192;23.029916;52.892247;7.336169;69.819977;97.419148;12.369346;35.812835;1445.583992
91.337586;16.261174;52.853314;94.478719;53.282559;23.159439;7.144546;53.912647;47.092426;42.434904;26.477903;70.404743;69.666720;63.519792;44.602665;33.209283;11.035348;26.617884;39.679932;51.655821;22.417150;1.817753;84.321334;93.602733;35.314181;71.567807;81.095003;24.622811;53.188917;61.739017;42.939734;90.909819;25.678456;97.107523;6.102893;59.099146;88.033786;96.361220;41.862541;81.029479;12.959698;10.506877;72.034321;57.988497;69.435056;82.232622;73.374213;19.727894;82.099648;48.898752;1328.239359
63.235925;11.899768;16.564873;49.086409;35.072710;48.889774;52.164984;69.810552;69.594931;46.091637;31.807408;44.230541;58.279097;28.186686;5.423948;29.734682;11.749285;79.783026;7.399477;70.270231;65.245107;68.383861;92.233200;12.477404;44.944356;83.896960;48.454827;34.271322;20.207510;52.012942;25.728278;59.159441;0.975865;84.637289;58.464130;91.018783;47.110187;48.889979;15.571983;55.699826;22.506788;82.144219;48.403852;60.315632;21.240490;72.290297;65.053062;11.118498;63.789762;25.596214;1193.664132
9.754040;49.836405;60.198194;48.925264;93.900156;62.406009;9.673003;66.652791;69.988785;77.015973;11.921454;1.957762;81.539721;53.859668;17.710753;6.204522;64.071792;48.760378;68.409607;15.359038;60.499064;78.373648;77.095422;73.058536;96.353029;43.326056;75.674921;37.569214;45.389347;86.386822;29.755538;33.257141;53.228307;50.599946;28.510809;19.376594;40.396937;22.031010;81.900058;26.296403;35.001392;84.108633;63.903109;59.987910;54.327995;92.585804;51.627057;29.735429;1.611980;92.916927;1295.377718
27.849822;95.974396;26.297128;33.771941;87.594281;67.913554;81.814855;17.813245;63.853076;32.247181;93.982947;33.085788;87.901390;69.516304;66.280806;29.824397;32.881421;76.895826;40.238833;95.345707;38.724543;53.413757;4.265986;64.647743;4.229780;47.062472;41.704745;54.655379;42.791092;9.769792;42.485841;85.306363;27.939197;27.887561;82.773217;43.236779;17.923148;22.620864;62.492353;68.056620;28.708461;35.450624;88.763687;44.842788;70.252027;49.263860;32.638814;39.641854;89.595463;46.675681;1224.729195
54.688152;34.038573;65.407910;90.005385;55.015634;39.551522;81.754709;12.801440;3.360384;78.473929;64.555187;42.430950;98.891162;49.911601;33.082900;4.635126;65.381202;39.600675;98.283520;54.088408;14.218716;88.535945;37.818614;83.315199;97.295833;56.071341;97.178599;56.192015;96.605275;90.805220;11.920726;44.239789;94.623015;74.661722;19.098644;74.915973;96.892500;53.678780;73.856042;23.365315;92.748801;43.006946;19.873675;3.542346;95.643456;65.488290;66.177620;42.075568;51.537506;25.400785;1385.682974
95.750684;58.526775;68.921450;36.924678;62.247509;36.743665;72.243959;99.908039;6.880610;47.135715;47.946322;27.027042;0.052238;53.580106;89.848614;50.542814;74.913146;27.293879;40.218399;67.973390;2.513499;89.900490;70.433962;39.828223;18.920684;26.909154;98.797470;39.582223;62.005505;10.801669;49.506692;90.435548;90.644327;23.693038;44.252996;3.918449;40.745574;76.210971;80.511242;45.642536;5.131376;57.223922;39.536627;51.381484;44.454216;89.012348;11.756548;31.147536;54.452194;43.121845;1259.189147
96.488854;22.381194;74.815159;11.120276;58.704470;98.798200;14.986544;17.112107;31.959974;3.576273;63.931696;19.705380;86.543859;44.518317;11.815520;76.142589;58.318573;3.723463;62.067195;3.656302;42.111225;62.593763;72.951305;74.982221;66.712030;74.901847;86.414753;39.813088;69.538995;51.699676;70.640723;3.317941;39.268458;95.734528;39.341151;94.632499;84.448740;34.756715;6.722266;38.456689;59.266676;70.082473;99.217530;40.773016;8.539783;53.852557;14.781741;69.384317;60.644221;70.253001;1207.642435
15.761308;75.126706;45.054160;78.025207;20.774229;3.773887;65.960525;3.260082;53.086428;17.587442;54.471611;82.172118;61.256647;12.393228;98.841793;63.107000;74.003233;67.329491;15.436981;80.920385;18.410029;13.786899;22.427707;83.522051;58.643961;50.388777;38.888378;51.536722;72.016461;14.315602;24.357337;53.242648;2.485523;62.026004;82.657398;76.367332;61.532510;46.123176;95.079032;53.860144;16.289890;74.246976;40.235162;10.804604;5.734015;28.220516;1.976466;9.187183;76.043622;40.232987;1090.050907
97.059278;25.509512;8.382138;38.973884;30.124633;88.516801;51.859494;56.119979;65.444571;72.175803;64.731148;42.992141;98.995021;49.035729;53.998210;8.989165;23.482691;42.956446;38.134520;74.861887;72.577527;21.780159;26.905473;32.246040;67.511242;64.680967;45.474183;65.753054;34.689519;55.937057;78.507008;71.649735;67.143680;60.026215;67.687109;55.882055;37.661108;63.932376;49.757701;99.170372;83.840577;75.788415;65.885648;45.987563;62.945049;97.595752;96.429173;40.208862;85.534687;18.184008;1462.736289
95.716695;50.595705;22.897697;24.169129;47.092335;91.328683;97.297455;88.186650;40.761920;47.348599;54.388593;88.777095;52.768007;85.299816;70.691742;8.086242;73.495754;45.173923;16.113397;12.018702;37.036269;18.214108;67.303117;55.226162;36.102205;30.774558;24.668720;95.091520;51.699042;0.457962;7.408958;17.930184;83.717064;17.260450;20.760303;18.384294;87.718175;91.733604;75.514590;75.522040;16.756093;38.912876;90.134812;45.088275;79.617907;3.642552;97.037290;29.518080;38.286845;85.625112;1309.004708
48.537565;69.907672;91.333736;40.391215;23.048816;79.618387;64.899149;66.917530;81.998122;15.272120;72.104662;39.118300;47.952339;87.392741;99.949162;77.724054;97.059853;60.985717;75.811243;52.504516;84.156009;4.181986;47.749220;97.912913;62.027843;13.872464;78.442309;72.234851;55.669463;76.668200;39.388343;33.653293;97.149964;9.034674;31.810473;49.794882;78.485243;16.157257;74.240507;98.045485;50.220062;42.930248;99.538178;55.114034;69.119133;32.624457;12.386051;30.649678;8.464919;58.420122;1445.349912
80.028047;89.090325;15.237802;9.645453;84.430879;9.871228;80.033058;19.043327;71.835894;34.112461;52.249531;76.911439;80.134761;27.029433;28.784934;90.513474;86.693029;5.940330;87.111112;32.583363;73.422969;10.694166;62.371641;54.930853;81.115089;47.557293;88.283761;40.007975;15.649522;84.870923;0.339412;18.771295;5.693289;25.526220;13.381099;51.784560;46.495428;71.563540;83.112958;23.478264;99.932948;95.634466;65.316328;80.540432;34.530786;97.301362;46.741003;10.556113;73.387330;37.357878;1375.189092
14.188634;95.929143;82.581698;13.197329;19.476429;26.187118;45.379771;36.891655;96.864933;60.738921;99.370462;39.679152;22.784294;20.846136;41.452254;53.377195;8.623453;31.581144;35.077674;54.644944;57.102587;61.644349;23.644493;33.042361;1.925748;36.245928;91.371168;83.187134;56.205605;91.682127;22.067689;32.192718;45.032381;85.857053;67.146289;99.424301;81.397693;57.773888;15.650185;52.855909;35.540715;57.297137;10.843643;70.085007;94.681667;36.503263;65.669400;59.382760;33.198933;22.169455;1366.503977
42.176128;54.721553;53.834244;94.205059;22.592178;33.535684;43.239150;46.072594;53.133391;19.174526;21.867663;80.851410;49.809429;56.497957;46.483994;10.915421;36.643662;77.272213;68.553571;39.888075;17.685506;93.966101;17.712375;61.947156;8.387351;78.811343;55.828492;13.433834;69.480329;98.696827;0.130057;40.385671;58.247030;91.106705;57.099108;85.485168;89.844414;43.329898;45.730872;5.143605;4.707771;84.972205;3.611403;87.223550;52.019032;30.914962;29.018557;28.272752;83.974953;21.899412;1190.570842
91.573553;13.862444;99.613472;95.613454;17.070805;67.972795;82.531380;98.163795;32.514568;73.842684;10.579827;75.507710;90.085249;64.031183;76.395708;82.580886;36.919880;69.643299;29.414863;41.509339;95.738402;35.445573;82.964339;36.063657;97.480167;78.029582;59.886810;6.046677;42.645554;50.513310;18.917967;54.856630;68.663781;69.963377;16.976707;96.240394;42.923854;88.424278;61.810050;75.687547;21.366059;27.634532;61.809124;5.219215;95.381303;12.091238;75.453664;15.522162;37.172331;52.223244;1372.170666
79.220733;14.929401;7.817553;57.520860;22.766430;13.655314;8.346981;15.640495;10.562920;24.284960;10.969746;37.739554;57.466122;41.702895;81.820404;33.809772;68.502847;12.533218;53.062930;18.073776;26.532204;41.062909;76.692167;75.650954;65.134953;66.851221;14.887672;8.424705;83.627042;27.142162;14.248405;4.873859;71.943275;72.518236;14.765578;67.894101;33.432942;39.305176;93.218336;60.197977;39.783912;62.232362;56.714436;21.968131;7.359564;91.576570;55.811805;0.065867;82.821527;43.342271;964.655029
95.949243;25.750825;44.267827;5.977954;43.569868;72.122750;13.317101;85.552281;61.095866;91.742434;6.359137;21.601892;84.517819;20.597552;10.022154;29.397305;59.794164;13.015145;83.242339;25.538674;92.458090;98.434942;93.447827;41.390075;23.123782;13.350386;89.971348;16.389832;73.138707;10.075051;26.807600;55.273213;65.004075;22.988608;47.607972;40.350139;59.664710;17.897515;83.508824;85.716871;33.366818;58.836168;96.196466;45.964201;20.703195;13.547821;42.779260;28.359542;17.651863;74.130399;1221.817229
65.574070;84.071726;10.665277;23.477991;31.110229;10.676186;17.338861;64.476454;77.880224;26.906159;40.458000;79.040722;73.864029;94.793312;17.811695;74.631343;78.936394;9.235234;59.749019;2.053577;22.377040;94.557919;10.788891;49.234510;40.349114;2.155589;45.039358;32.421992;36.003104;50.784883;17.489207;27.481140;72.691455;57.605346;90.810242;93.497909;90.199081;63.333358;89.542352;98.827714;22.960253;96.346847;74.610547;95.853360;77.502781;33.211789;26.719406;55.081087;12.951986;7.044963;1295.852282
3.571168;25.428218;96.189808;35.315857;92.337964;65.375735;39.093780;37.627221;42.345292;76.550002;44.837291;94.930391;58.598704;8.207121;35.963491;1.033662;36.765292;0.782029;33.531133;92.367561;37.356381;67.664468;18.222751;69.474323;12.202052;55.984071;20.567234;30.172678;45.421237;58.560913;13.864897;24.150174;37.384767;81.062811;55.217503;47.948455;70.206645;62.400055;58.251852;92.948447;93.612018;8.590269;66.251610;79.004536;91.418782;89.747989;75.373607;87.090219;87.988358;84.733344;1342.521316
84.912931;81.428483;0.463422;82.119404;43.020739;49.417394;83.137974;19.092370;9.082329;18.866198;36.581618;32.756543;24.673453;10.570943;5.670469;4.844734;20.602786;42.310939;29.922502;65.369989;8.750035;98.830226;9.909528;97.273389;26.843882;30.081902;89.965099;1.168099;38.638990;76.288710;59.888561;24.314518;58.158208;40.384337;3.293989;23.179161;37.745510;32.794160;58.274681;40.951493;68.318878;50.049889;52.331332;45.187461;78.255065;49.964878;89.837633;4.225343;4.407913;67.988023;1138.766275
93.399325;24.352497;77.491046;1.540344;18.481632;77.905172;80.336439;42.825299;26.647149;28.749817;76.350464;67.126437;66.641622;14.204112;52.188567;66.791612;8.666655;65.557317;45.259254;93.261357;64.011655;76.683139;48.976380;32.775496;25.784617;93.940971;76.258554;53.990509;77.555464;8.296265;90.105791;15.415945;11.611851;98.843927;5.386293;39.629025;73.495593;80.296532;85.492594;0.034146;96.211380;52.158968;25.989428;33.342819;29.553420;61.528824;72.844403;90.472198;68.672002;13.665152;1382.525447
67.873515;92.926362;81.730322;4.302380;90.488097;71.503708;6.047118;48.202206;15.365672;9.111346;62.789638;43.864498;8.348281;16.646044;33.584897;60.346798;77.193392;72.292252;42.264565;16.351237;18.061689;33.669926;19.324533;83.780318;33.166524;98.090364;88.248631;9.537269;73.427111;66.159619;93.937977;95.641636;5.765436;8.999881;80.506323;70.507748;95.410279;99.947786;3.486570;54.087832;43.797318;9.016600;96.199377;5.909531;15.184572;58.313297;40.683013;13.097409;73.377290;85.840219;1166.003922
75.774013;34.998377;86.869471;16.899003;97.974838;90.372056;39.925777;12.061161;28.100530;57.620938;77.198039;83.350060;62.595979;62.095864;17.566903;52.610247;20.567452;53.120929;35.960632;92.109726;4.505111;66.238186;89.589157;73.907223;15.223401;28.662039;28.495022;14.651486;43.027785;51.697901;22.118446;93.566138;97.976522;32.094103;45.137485;55.855903;54.281311;98.097816;88.542010;20.773062;94.033665;90.466648;54.020404;74.090530;84.791052;69.825393;93.831584;83.372895;43.717244;19.983412;1462.347951
74.313247;19.659525;8.443585;64.911547;43.886997;89.092250;52.687583;58.950748;44.008514;68.336324;93.285357;76.885425;66.094456;57.370976;20.894667;72.970945;38.827163;10.881794;55.831920;79.465789;72.317348;24.416529;9.908965;95.417446;34.800766;80.082029;67.322599;63.114121;69.375257;17.104802;48.267138;81.871444;28.482373;51.140894;38.264623;75.663070;54.010583;12.703694;40.773081;21.928359;0.583432;88.438894;3.027016;50.679452;78.485459;2.933234;25.542745;80.046837;37.983892;60.733992;1313.395201
39.222702;25.108386;39.978265;73.172239;11.111922;33.416305;41.679947;22.618768;52.714274;54.659311;97.274085;16.725355;72.975186;5.207789;90.515356;70.725349;55.177853;63.176637;74.254537;57.739420;34.743765;29.550725;4.416557;3.192263;12.165845;89.611135;66.427990;85.932041;94.521349;93.855786;37.601112;72.826185;59.497430;6.060637;78.964370;99.548106;31.110964;23.224015;3.638203;32.580626;61.030703;43.898967;69.631446;19.992541;27.083150;52.788269;53.316324;91.788009;97.965744;54.304498;1115.981488
65.547789;61.604468;25.987040;64.774596;25.806470;69.874583;65.685989;38.461912;45.742437;42.572884;19.202835;86.198048;89.075212;93.120138;67.539118;78.137705;22.895325;12.649987;42.433478;44.003560;66.061682;68.017837;55.729516;35.686899;88.415306;59.752658;12.281499;97.422163;78.423260;59.048318;52.378004;17.581173;96.216103;72.568792;36.428687;96.243140;7.123457;2.363247;74.614794;9.594942;80.107576;78.172261;51.971616;42.719355;22.781070;3.207285;95.475487;13.730366;39.899342;16.232469;1293.644499
17.118669;47.328885;80.006848;45.092371;40.871985;19.780983;62.797336;58.298638;87.537160;64.444278;13.887420;98.987215;98.230322;72.866168;46.846820;28.797698;64.194062;13.430330;42.935579;25.761374;38.386860;52.784683;77.249507;66.265383;9.427839;88.401674;40.731842;57.083843;70.557186;44.063468;26.487259;36.037098;18.577826;55.655575;53.234993;53.506711;18.198047;60.743261;15.482877;74.753366;23.298153;14.846502;5.903056;16.869028;32.102322;82.714232;26.774754;50.473232;44.018691;0.565307;1105.414806
70.604609;35.165951;43.141383;54.700889;59.489607;3.054095;29.198408;25.180612;51.805211;64.761763;69.626634;51.442346;76.902909;73.784165;91.213247;69.253199;48.448037;9.859409;12.487276;75.194639;62.734650;41.159351;31.194006;28.150156;93.004063;94.373154;27.528695;99.685021;10.933424;94.191893;6.835722;18.878997;19.303982;52.935990;71.165671;96.387013;9.298893;11.080932;14.390833;74.850896;93.246868;61.981593;89.003623;75.169459;82.956180;33.998621;25.008462;40.495848;15.680789;77.148515;1250.264092
3.183285;83.082863;91.064759;29.632081;26.221175;74.407426;43.165117;29.044066;94.362262;67.901675;9.382003;88.428102;58.144649;6.340450;10.401157;55.666983;15.184553;14.202725;2.443402;22.866948;2.164981;60.263822;17.898248;23.038307;39.901997;54.915809;71.666974;55.354157;38.993066;65.591382;43.632708;0.119840;34.164410;82.998243;87.147652;11.562588;46.348925;40.745951;60.595905;54.329943;76.326278;26.062368;33.020224;36.835084;82.218219;84.671096;92.767272;17.357216;32.603428;76.478756;1174.137218
27.692298;58.526409;18.184703;74.469281;60.284309;50.002244;1.548713;61.709088;63.770910;63.578671;52.540440;58.802606;92.831306;86.044056;74.554607;39.652079;78.193197;16.825130;29.018527;6.418709;91.056999;75.052006;33.895568;71.112855;4.740146;72.838682;28.338438;51.545845;59.090473;45.194571;17.385304;31.641951;93.289790;85.875903;32.868961;5.144829;0.933251;88.407681;25.448084;33.813232;82.644954;44.565621;22.970120;94.181780;57.068285;24.606957;6.858235;57.518361;31.406193;42.106935;1231.159360
4.617139;54.972361;26.380292;18.895502;71.121578;47.992214;98.406372;26.528091;95.769394;94.517411;53.034422;15.475235;58.009037;93.440512;73.626746;6.159067;10.060632;19.624892;31.752058;76.732951;80.055866;58.353317;21.014564;62.457292;34.237350;57.675830;89.619886;33.068207;45.938005;83.969742;2.610711;69.961699;39.066754;78.902892;65.011803;30.434895;91.502591;54.813278;32.415421;83.233366;57.346359;84.399951;11.394864;1.717254;57.182964;58.149125;29.940039;60.621793;89.450066;5.681318;1295.586530
9.713178;91.719366;14.553898;68.677543;22.174673;90.472224;16.716841;82.437627;24.070704;20.893492;86.113981;19.986282;1.698294;98.439831;56.186143;78.017553;29.406633;31.747978;65.369013;67.120219;74.584748;55.179251;51.015252;59.060865;73.596616;2.585747;82.657889;43.000180;5.033999;53.262350;95.467827;62.525518;27.321671;31.783305;97.483615;58.019183;64.274174;36.900308;40.179092;55.257218;79.258166;19.620492;31.092271;82.905591;28.601827;93.767688;59.158353;21.444574;24.702418;58.574700;1264.418891
82.345783;28.583902;13.606856;18.351116;11.741765;60.986665;10.621634;98.266340;67.612230;70.928170;48.485333;40.695484;12.085957;85.893882;18.419410;33.758386;23.737302;31.642900;95.693592;71.521251;81.311281;58.357062;90.636432;66.043797;79.468216;44.653098;39.002651;49.180625;22.868758;55.388707;43.059652;54.306218;15.194708;45.220745;7.596736;53.096445;0.141906;20.834598;40.637332;95.754312;32.904120;30.385162;22.843232;62.659097;69.913356;4.778729;20.329915;51.993226;31.067902;17.415524;1217.531490
69.482862;75.720023;86.929221;36.848460;29.667587;61.766639;37.240974;73.024879;28.906457;23.623058;39.345636;74.870572;86.271072;78.555899;59.721135;60.786591;53.087226;21.756331;93.573087;64.206083;38.330632;51.181992;62.892394;4.755467;54.490590;64.630196;49.790294;7.103708;83.418906;68.006553;96.155857;43.903720;39.710884;75.222797;58.701917;90.120809;3.038527;44.094328;38.619114;89.283332;22.346198;48.329457;65.199717;53.874652;79.625794;5.397766;63.588320;98.918581;40.886891;72.861066;1281.918773
31.709948;75.372909;57.970459;62.561856;31.877830;85.944231;19.811840;34.387700;67.180817;11.939625;67.143114;82.558382;48.429651;51.337742;29.993699;74.125405;9.149873;25.104185;45.788633;41.904829;61.727923;8.259273;10.153389;34.878481;68.622346;52.120295;69.480519;88.773922;1.564469;36.718991;76.241448;28.742727;37.472247;10.986171;41.388650;54.055043;20.847022;95.619615;60.980182;35.650362;31.238634;33.781204;6.616012;65.050764;44.158906;2.061803;79.837026;48.991516;70.801089;53.429105;1176.639935
95.022205;38.044585;54.986020;78.022744;42.416676;80.548942;48.968764;58.406933;69.514050;60.730394;74.125794;78.996303;84.485567;17.760246;13.412293;10.481324;40.531542;89.292241;24.047840;39.076208;57.549486;71.957013;39.085475;45.134058;89.363270;37.231266;83.436900;6.463359;86.371087;23.929061;0.734866;50.165911;13.111471;10.974237;30.913643;43.198061;45.496615;12.402592;16.689072;54.640189;58.452348;79.848583;27.543138;72.662953;44.621561;68.147851;50.170105;69.487321;14.363760;25.306429;1259.665996
3.444608;56.782164;14.495480;8.112577;50.785828;57.672152;33.949341;10.776902;6.799277;45.013770;52.005247;31.852425;20.940508;39.858950;21.260153;12.788838;10.484625;70.322322;76.389794;81.614010;53.005170;99.615611;5.461662;24.090500;5.479179;93.713467;60.962969;43.618496;7.806905;57.892349;68.003864;76.154619;43.504072;26.988366;26.383404;54.266699;12.726603;47.076325;18.809207;34.668175;82.991414;98.748758;28.182024;9.448856;46.566241;59.862853;65.081214;41.142183;87.132207;91.705675;1036.467039
43.874436;7.585429;85.303112;92.938597;8.551580;18.292247;95.163046;90.630815;25.479016;45.872549;34.771267;53.406413;55.229134;13.393125;89.494168;54.954011;11.228396;55.573794;75.932738;31.742786;27.506976;35.453430;50.128291;71.504501;30.366138;82.953282;57.473716;82.662951;66.904259;86.688705;70.595075;76.240805;9.151317;52.463735;75.876627;71.241481;0.864769;85.689633;9.462887;62.280279;29.046249;15.904755;88.006626;87.757393;27.903919;11.403003;79.595499;3.477674;8.315590;75.819453;1265.687122
38.155846;5.395012;62.205513;77.571268;26.248223;23.993201;92.033204;87.965372;22.404003;66.194475;14.999725;8.995068;62.988339;3.088955;7.145281;48.522941;78.442789;18.443367;74.064806;81.453977;24.862896;97.125882;43.172117;85.618229;4.619156;84.908548;32.604217;39.453468;50.021132;40.677676;64.512879;57.605590;61.462696;97.265108;99.521598;1.667471;72.707960;4.339047;32.318627;79.662469;40.255439;23.687978;44.433036;1.436214;67.537532;79.624535;23.337377;29.283156;46.173784;88.703073;1147.518782
76.551679;53.079755;35.095238;48.679163;80.101462;88.651193;5.267700;81.776056;66.783273;77.028551;58.609207;11.170574;3.199102;93.914171;24.248656;89.047568;29.157032;21.203084;74.368834;78.907351;45.163877;34.644876;99.756035;28.150770;19.547676;37.253424;45.642460;61.347488;21.799380;11.261514;55.230984;74.766284;1.097909;71.040869;18.657144;80.092088;35.411647;69.162515;76.959693;74.587490;86.205730;70.223663;75.591412;29.430263;90.366453;61.785059;60.083894;80.144174;3.038902;6.879817;1398.187364
79.519990;77.916723;51.324954;43.585859;2.922028;2.867415;73.785810;26.072800;84.439216;35.021801;26.214532;13.629255;61.471342;30.130606;5.375439;79.896028;60.353344;7.734681;10.592042;85.226389;22.771283;88.654386;81.160258;73.105083;72.016580;59.318458;71.379558;81.864074;57.161573;44.384584;21.810873;64.553451;57.326038;31.185995;78.114527;14.250932;78.044595;97.898547;23.411800;12.553623;61.473955;37.547166;60.329638;17.991488;90.852590;7.021352;11.246238;34.650199;75.320053;18.352820;1166.941231
18.687260;93.401068;40.180803;44.678375;92.885414;48.990139;26.911943;59.435625;34.446241;66.200960;4.445409;67.865230;36.241146;29.553383;44.172206;73.434108;96.442267;91.380041;68.156043;50.563662;80.444958;45.469486;48.565167;13.776289;72.175327;87.255256;88.440505;88.623504;12.218915;30.018440;77.236621;12.321952;78.972986;29.145713;19.579798;47.847447;43.665664;28.326790;74.036547;82.239401;99.118779;97.370490;78.326594;92.629427;74.719694;6.927897;51.576565;8.331594;70.004267;73.707265;1409.899891
48.976440;12.990621;7.596669;30.634947;73.033086;16.792715;42.283562;2.251259;78.051965;41.615859;75.493327;49.517702;4.953258;33.293628;1.328320;5.133189;43.248499;70.671522;46.326058;63.566139;98.610424;41.342729;89.444776;83.672278;87.779907;93.350161;72.085567;93.111163;67.116623;40.138685;22.802832;50.439786;23.536677;85.035734;99.235897;25.683535;43.655478;13.378050;69.281841;2.515050;20.369888;97.230556;11.393064;6.818044;26.051151;13.600739;83.784069;51.110637;21.451225;69.671485;1267.934204
44.558620;56.882366;23.991615;50.850866;48.860897;97.868065;54.787090;42.525932;67.533207;84.192915;24.278536;18.971041;48.956999;46.706819;89.719135;7.288530;69.475219;55.778897;21.216321;95.089442;2.999195;21.773207;13.754659;13.860172;58.243296;66.846427;1.861277;19.078465;59.958555;83.336356;37.086472;34.726131;44.801971;91.164742;80.226157;36.909169;4.921318;68.527968;82.407821;41.442888;82.720908;64.369805;97.856389;58.109323;68.963784;78.889132;92.079011;36.683341;67.990469;77.699291;1276.465055
64.631301;46.939064;12.331893;51.077156;57.852506;71.269447;94.273698;31.271889;0.671531;83.291682;44.240231;49.500582;19.251040;64.819841;19.665819;8.852746;75.809928;31.342899;9.851874;44.396416;53.566419;12.565459;39.000491;58.820939;7.068434;20.677646;67.477647;25.858225;5.597616;40.362866;89.092882;9.214768;56.935818;63.927615;42.422671;66.176491;4.963190;90.945456;82.797755;73.140747;67.586162;86.009888;84.859668;63.715122;13.183067;9.239846;49.822793;73.947950;55.729268;50.190342;1251.656226
70.936483;1.190207;18.390779;81.762771;23.728358;50.047162;41.774410;16.148474;60.217049;25.644099;68.779609;14.760822;12.308375;2.522818;9.337052;79.835086;43.264233;16.620356;82.357447;6.001882;8.707722;30.891459;92.735622;36.615680;92.274457;65.385059;43.850882;89.786568;5.634302;39.017594;85.637691;14.784947;6.140144;25.537030;72.886387;16.960881;9.110018;61.086898;29.336793;78.137400;24.894947;40.188340;5.064650;65.126926;12.350083;23.786879;27.761112;52.474016;85.067890;42.549683;983.357766
75.468668;33.712264;23.995253;79.483142;45.884883;47.108837;98.305247;17.876619;38.677119;61.346074;35.922821;5.497415;20.549417;84.220661;30.736690;94.300814;65.549804;62.249726;17.500974;86.674990;80.209144;72.610443;91.749383;80.675954;80.037209;7.205155;43.782018;59.336186;15.250064;36.044889;40.243355;19.816970;49.628889;8.866584;49.835358;27.878402;59.403703;89.998280;30.936924;36.728592;47.578563;63.193080;46.620183;86.462201;19.090285;24.364791;65.251996;80.452088;55.856549;61.123713;1254.651208
